{
 "cells": [
  {
   "cell_type": "code",
   "execution_count": 1,
   "metadata": {},
   "outputs": [],
   "source": [
    "#!pip install tsp\n",
    "#Dominik Jagoda\n",
    "#Algorytmy Ewolucyjne Inżynieria Danych III rok"
   ]
  },
  {
   "cell_type": "code",
   "execution_count": 3,
   "metadata": {},
   "outputs": [],
   "source": [
    "import tsp\n",
    "import numpy as np\n",
    "#import matplotlib.pyplot as plt\n",
    "import time"
   ]
  },
  {
   "cell_type": "code",
   "execution_count": 4,
   "metadata": {},
   "outputs": [],
   "source": [
    "#DANE\n",
    "#https://dateandtime.info/pl/citycoordinates.php?id=3094802\n",
    "#https://www.wspolrzedne-gps.pl"
   ]
  },
  {
   "cell_type": "code",
   "execution_count": 5,
   "metadata": {},
   "outputs": [],
   "source": [
    "all_cit=np.array([\n",
    "             [50.8703300,20.6275200],#Kielce\n",
    "             [50.6826500,21.7489800],#Sandomierz\n",
    "    [50.8520727,19.9667772],#Włoszczowa\n",
    "    [50.6394435,20.3046116],#Jędrzejów\n",
    "    [50.5201929,20.5256241],#Pinczów\n",
    "    [50.46759,20.71919],#Busko-Zdrój\n",
    "    [50.267489,20.4853308],#Kazimierza Wileka\n",
    "    [50.5612276,21.1677849],#Staszów\n",
    "    [50.8017661,21.4238281],#Opatów\n",
    "    [50.9398768,21.38743],#Ostrowiec Świętokrzyski\n",
    "    [51.0518865,21.0761377],#Starachowice\n",
    "    [51.1138821,20.857883],#Skarżysko Kamienna\n",
    "    [51.1910223,20.4071836],#Końskie\n",
    "    [50.0614300,19.9365800],#Kraków\n",
    "    [50.3566016,20.0276912],#Miechów\n",
    "    [50.2788158,19.5596307],#Olkusz\n",
    "    [50.1411926,19.4028502],#Chrzanów\n",
    "    [50.0382443,19.2214053],#Oświęcim\n",
    "    [49.8834484,19.4925345],#Wadowica\n",
    "    [49.834608,19.9384283],#Myślenice\n",
    "    [49.74079,19.5905975],#Sucha Beskidzka\n",
    "    [49.4818229,20.030541],#Nowy targ\n",
    "    [49.2969446,19.950659],#Zakopane\n",
    "    [49.7061713,20.4217266],#Limanowa\n",
    "    [49.6249173,20.691346],#Nowy Sacz\n",
    "    [49.65829,21.1593832],#Gorlice\n",
    "    [50.0123784,20.9880739],#Tarnow\n",
    "    [49.9678396,20.6068496],#Brzesko\n",
    "    [49.9693563,20.430541],#Bochnia\n",
    "    [50.1743495,20.9850707],#Dąbrowa tarnowska\n",
    "    [49.9823773,20.0602114],#Wieliczka\n",
    "    [50.5653105,22.0644075],#Stalowa Wola\n",
    "    [50.5715277,21.6704871],#Tarnobrzeg\n",
    "    [50.5198985,22.139886],#Nisko\n",
    "    [50.2892506,21.4243685],#Mielec\n",
    "    [50.2433277,21.7754563],#Kolbuszowa\n",
    "    [50.2621687,22.418892],#Leżajsk\n",
    "    [50.1574473,23.1225859],#Lubaczów\n",
    "    [50.0104958,22.678605],#Jarosław\n",
    "    [50.0601735,22.4923769],#Przeworsk\n",
    "    [50.0690725,22.2320924],#Łańcut\n",
    "    [50.0528608,21.6116324],#Ropczyce\n",
    "    [50.0514601,21.4104804],#Dębica\n",
    "    [49.7470465,21.4743139],#Jasło\n",
    "    [49.870208,21.7856291],#Strzyżów\n",
    "    [49.6938045,21.7651458],#Krosno\n",
    "    [49.6950395,22.0196537],#Brzozów\n",
    "    [49.5609053,22.207028],#Sanok\n",
    "    [49.7821562,22.7692634],#Przemyśl\n",
    "    [49.4689014,22.3303816],#Lesko\n",
    "    [49.4301874,22.5877003],#Ustrzyki Dolne\n",
    "    [50.0413200,21.9990100]#Rzeszów\n",
    "            \n",
    "])\n",
    "\n",
    "n=len(all_cit)"
   ]
  },
  {
   "cell_type": "code",
   "execution_count": 6,
   "metadata": {},
   "outputs": [
    {
     "data": {
      "text/plain": [
       "52"
      ]
     },
     "execution_count": 6,
     "metadata": {},
     "output_type": "execute_result"
    }
   ],
   "source": [
    "n"
   ]
  },
  {
   "cell_type": "code",
   "execution_count": 7,
   "metadata": {},
   "outputs": [],
   "source": [
    "import math as m"
   ]
  },
  {
   "cell_type": "code",
   "execution_count": 8,
   "metadata": {},
   "outputs": [],
   "source": [
    "\n",
    "def dist(i,j):\n",
    "    R=6400\n",
    "    if i == j:\n",
    "        return 0\n",
    "    else:\n",
    "        return R*np.arccos((m.sin(all_cit[i,1]/180)*m.sin(all_cit[j,1]/180) +\n",
    "               m.cos(all_cit[i,1]/180)*m.cos(all_cit[j,1]/180)*m.cos((all_cit[i,0]/180)-(all_cit[j,0]/180))))"
   ]
  },
  {
   "cell_type": "code",
   "execution_count": 9,
   "metadata": {},
   "outputs": [
    {
     "data": {
      "text/plain": [
       "63.64908168420394"
      ]
     },
     "execution_count": 9,
     "metadata": {},
     "output_type": "execute_result"
    }
   ],
   "source": [
    "dist(1,2)"
   ]
  },
  {
   "cell_type": "code",
   "execution_count": 10,
   "metadata": {},
   "outputs": [
    {
     "data": {
      "text/plain": [
       "array([50.87033, 20.62752])"
      ]
     },
     "execution_count": 10,
     "metadata": {},
     "output_type": "execute_result"
    }
   ],
   "source": [
    "all_cit[0]\n"
   ]
  },
  {
   "cell_type": "code",
   "execution_count": 11,
   "metadata": {},
   "outputs": [],
   "source": [
    "#def all_dist(i,j): # funkcja odległości między wszystkimi miastami\n",
    "    #return np.sqrt((all_cit[i,0]-all_cit[j,0])**2 + (all_cit[i,1]-all_cit[j,1])**2)"
   ]
  },
  {
   "cell_type": "code",
   "execution_count": 12,
   "metadata": {},
   "outputs": [
    {
     "data": {
      "text/plain": [
       "array([[  0.  ,  40.42,  23.5 , ...,  78.19,  86.27,  56.87],\n",
       "       [ 40.42,   0.  ,  63.65, ...,  47.56,  53.31,  24.32],\n",
       "       [ 23.5 ,  63.65,   0.  , ...,  97.2 , 105.85,  77.72],\n",
       "       ...,\n",
       "       [ 78.19,  47.56,  97.2 , ...,   0.  ,   9.25,  23.38],\n",
       "       [ 86.27,  53.31, 105.85, ...,   9.25,   0.  ,  30.05],\n",
       "       [ 56.87,  24.32,  77.72, ...,  23.38,  30.05,   0.  ]])"
      ]
     },
     "execution_count": 12,
     "metadata": {},
     "output_type": "execute_result"
    }
   ],
   "source": [
    "dt=[[dist(i,j) for i in range(n)] for j in range(n)]\n",
    "np.round(np.array(dt),2)"
   ]
  },
  {
   "cell_type": "code",
   "execution_count": 13,
   "metadata": {},
   "outputs": [],
   "source": [
    "# konwersja tablicy odległości do słownika (potrzebne dalej dla wołania f. bibliotecznej)\n",
    "dis = {(i, j): dt[i][j] for i in range(n) for j in range(n)}"
   ]
  },
  {
   "cell_type": "code",
   "execution_count": 14,
   "metadata": {
    "scrolled": true
   },
   "outputs": [
    {
     "data": {
      "text/plain": [
       "{(0, 0): 0,\n",
       " (0, 1): 40.421058976689906,\n",
       " (0, 2): 23.50193056631973,\n",
       " (0, 3): 14.083420433339292,\n",
       " (0, 4): 12.887781523036873,\n",
       " (0, 5): 14.593929845232529,\n",
       " (0, 6): 21.8866274210338,\n",
       " (0, 7): 22.09451914982001,\n",
       " (0, 8): 28.416513827479655,\n",
       " (0, 9): 27.130412100144124,\n",
       " (0, 10): 17.191403797175443,\n",
       " (0, 11): 11.87792359362484,\n",
       " (0, 12): 13.773417932751839,\n",
       " (0, 13): 37.686274003712825,\n",
       " (0, 14): 28.004591173113408,\n",
       " (0, 15): 43.34182113380751,\n",
       " (0, 16): 50.5953052003859,\n",
       " (0, 17): 58.00104925123796,\n",
       " (0, 18): 53.33425609959617,\n",
       " (0, 19): 44.0372850770914,\n",
       " (0, 20): 54.33381867761673,\n",
       " (0, 21): 53.44990954403698,\n",
       " (0, 22): 60.573562157529324,\n",
       " (0, 23): 41.7694018480022,\n",
       " (0, 24): 44.04849282146377,\n",
       " (0, 25): 46.795948331126766,\n",
       " (0, 26): 32.90161350301856,\n",
       " (0, 27): 31.88675691525797,\n",
       " (0, 28): 32.58800204432155,\n",
       " (0, 29): 27.673735600954565,\n",
       " (0, 30): 37.29554904043743,\n",
       " (0, 31): 52.2119719048978,\n",
       " (0, 32): 38.55501297942579,\n",
       " (0, 33): 55.17790859288526,\n",
       " (0, 34): 34.98265466434478,\n",
       " (0, 35): 46.433150166971096,\n",
       " (0, 36): 67.2141796850013,\n",
       " (0, 37): 92.21221026515941,\n",
       " (0, 38): 78.99104420828151,\n",
       " (0, 39): 72.21076185885269,\n",
       " (0, 40): 63.67924376074483,\n",
       " (0, 41): 45.360499917635764,\n",
       " (0, 42): 40.13955874518694,\n",
       " (0, 43): 49.79865470430907,\n",
       " (0, 44): 54.24567963558877,\n",
       " (0, 45): 57.981658650150855,\n",
       " (0, 46): 64.5902887509444,\n",
       " (0, 47): 72.739292027866,\n",
       " (0, 48): 85.28923833976403,\n",
       " (0, 49): 78.18901516991782,\n",
       " (0, 50): 86.26566790505987,\n",
       " (0, 51): 56.87386920571542,\n",
       " (1, 0): 40.421058976689906,\n",
       " (1, 1): 0,\n",
       " (1, 2): 63.64908168420394,\n",
       " (1, 3): 51.377980872363516,\n",
       " (1, 4): 43.873734396081936,\n",
       " (1, 5): 37.39385503778203,\n",
       " (1, 6): 47.260888620355615,\n",
       " (1, 7): 21.104628625724487,\n",
       " (1, 8): 12.301878808087931,\n",
       " (1, 9): 15.738648164174862,\n",
       " (1, 10): 27.244279798582077,\n",
       " (1, 11): 35.15187595036443,\n",
       " (1, 12): 50.97395801450634,\n",
       " (1, 13): 68.07336906736498,\n",
       " (1, 14): 62.27519429405264,\n",
       " (1, 15): 79.13961045185397,\n",
       " (1, 16): 85.5824706863883,\n",
       " (1, 17): 92.70752539350266,\n",
       " (1, 18): 85.05075388207347,\n",
       " (1, 19): 71.00138974737989,\n",
       " (1, 20): 83.64294616207881,\n",
       " (1, 21): 74.37549607530123,\n",
       " (1, 22): 80.519581447685,\n",
       " (1, 23): 58.44627644151807,\n",
       " (1, 24): 52.99934088806062,\n",
       " (1, 25): 41.80009554200361,\n",
       " (1, 26): 35.94347699017491,\n",
       " (1, 27): 47.81361109601555,\n",
       " (1, 28): 53.21604120973839,\n",
       " (1, 29): 32.55426726709628,\n",
       " (1, 30): 64.9386289667522,\n",
       " (1, 31): 11.955347627567518,\n",
       " (1, 32): 4.813878883996768,\n",
       " (1, 33): 15.038940778874682,\n",
       " (1, 34): 18.057198976708378,\n",
       " (1, 35): 15.534874253065789,\n",
       " (1, 36): 28.062736193843936,\n",
       " (1, 37): 52.23601711703716,\n",
       " (1, 38): 40.68194104195594,\n",
       " (1, 39): 34.36758248414145,\n",
       " (1, 40): 27.63935114493107,\n",
       " (1, 41): 22.760345642025868,\n",
       " (1, 42): 25.32403644732138,\n",
       " (1, 43): 34.440047858243325,\n",
       " (1, 44): 28.70545575503783,\n",
       " (1, 45): 34.907156277167836,\n",
       " (1, 46): 36.16004973429731,\n",
       " (1, 47): 42.8064672217426,\n",
       " (1, 48): 48.223713203898946,\n",
       " (1, 49): 47.55993741624599,\n",
       " (1, 50): 53.31482048493237,\n",
       " (1, 51): 24.317893156218236,\n",
       " (2, 0): 23.50193056631973,\n",
       " (2, 1): 63.64908168420394,\n",
       " (2, 2): 0,\n",
       " (2, 3): 14.16788903917991,\n",
       " (2, 4): 23.071866724291535,\n",
       " (2, 5): 30.00331946188392,\n",
       " (2, 6): 27.686317353596614,\n",
       " (2, 7): 43.92097672086708,\n",
       " (2, 8): 51.836716958929394,\n",
       " (2, 9): 50.60721796097959,\n",
       " (2, 10): 40.07048710491908,\n",
       " (2, 11): 33.00612590899451,\n",
       " (2, 12): 19.71348325382807,\n",
       " (2, 13): 27.959847727413262,\n",
       " (2, 14): 17.641599125083417,\n",
       " (2, 15): 24.900211112500262,\n",
       " (2, 16): 32.144739314606745,\n",
       " (2, 17): 39.11236663882062,\n",
       " (2, 18): 38.160761958985205,\n",
       " (2, 19): 35.968620827355544,\n",
       " (2, 20): 41.48906886930092,\n",
       " (2, 21): 48.472648654665875,\n",
       " (2, 22): 54.956867764786224,\n",
       " (2, 23): 43.598853912997896,\n",
       " (2, 24): 50.431032895874374,\n",
       " (2, 25): 59.802107366941485,\n",
       " (2, 26): 46.88813297214674,\n",
       " (2, 27): 38.65054784804324,\n",
       " (2, 28): 35.27881813214037,\n",
       " (2, 29): 43.405618119046245,\n",
       " (2, 30): 30.910601379032833,\n",
       " (2, 31): 75.26674105644517,\n",
       " (2, 32): 61.38133164154017,\n",
       " (2, 33): 78.15138259591635,\n",
       " (2, 34): 55.50733869582528,\n",
       " (2, 35): 67.8070405748202,\n",
       " (2, 36): 89.63982581513108,\n",
       " (2, 37): 114.85457514764067,\n",
       " (2, 38): 100.89483714889901,\n",
       " (2, 39): 94.05143256637044,\n",
       " (2, 40): 85.15795619205396,\n",
       " (2, 41): 64.93929231128959,\n",
       " (2, 42): 58.605495268653506,\n",
       " (2, 43): 66.30546660220907,\n",
       " (2, 44): 73.38034819418252,\n",
       " (2, 45): 75.90720431169949,\n",
       " (2, 46): 83.6491989762955,\n",
       " (2, 47): 91.77907364163168,\n",
       " (2, 48): 106.56332900302696,\n",
       " (2, 49): 97.20053594452664,\n",
       " (2, 50): 105.85074860306393,\n",
       " (2, 51): 77.72277733415822,\n",
       " (3, 0): 14.083420433339292,\n",
       " (3, 1): 51.377980872363516,\n",
       " (3, 2): 14.16788903917991,\n",
       " (3, 3): 0,\n",
       " (3, 4): 8.916230592848793,\n",
       " (3, 5): 15.94170131245217,\n",
       " (3, 6): 14.627168354163016,\n",
       " (3, 7): 30.814690057261014,\n",
       " (3, 8): 40.20516957094294,\n",
       " (3, 9): 39.935559144570355,\n",
       " (3, 10): 31.060250727550226,\n",
       " (3, 11): 25.842580593564442,\n",
       " (3, 12): 19.824759735137736,\n",
       " (3, 13): 24.255809288393294,\n",
       " (3, 14): 14.02911115048935,\n",
       " (3, 15): 29.39437133350339,\n",
       " (3, 16): 36.57937649619359,\n",
       " (3, 17): 43.9860538604058,\n",
       " (3, 18): 39.3373767954108,\n",
       " (3, 19): 31.27654898477038,\n",
       " (3, 20): 40.65658839341154,\n",
       " (3, 21): 42.04656693398939,\n",
       " (3, 22): 49.0762406171483,\n",
       " (3, 23): 33.23281035887119,\n",
       " (3, 24): 38.385782569317314,\n",
       " (3, 25): 46.093229450854665,\n",
       " (3, 26): 32.880339580768,\n",
       " (3, 27): 26.045489687556845,\n",
       " (3, 28): 24.09267336069593,\n",
       " (3, 29): 29.244389299648216,\n",
       " (3, 30): 24.788683069339314,\n",
       " (3, 31): 62.62524961354288,\n",
       " (3, 32): 48.62364885310346,\n",
       " (3, 33): 65.39057462889082,\n",
       " (3, 34): 41.69030752877328,\n",
       " (3, 35): 54.13509202333424,\n",
       " (3, 36): 76.3453283524503,\n",
       " (3, 37): 101.62876407920218,\n",
       " (3, 38): 87.28002822423402,\n",
       " (3, 39): 80.43061625507842,\n",
       " (3, 40): 71.43022895102847,\n",
       " (3, 41): 50.879707793087356,\n",
       " (3, 42): 44.46645260264143,\n",
       " (3, 43): 52.18188546912849,\n",
       " (3, 44): 59.25182415275822,\n",
       " (3, 45): 61.74016920787027,\n",
       " (3, 46): 69.501700007129,\n",
       " (3, 47): 77.6241844876666,\n",
       " (3, 48): 92.7105015291887,\n",
       " (3, 49): 83.04159618428436,\n",
       " (3, 50): 91.71757931224596,\n",
       " (3, 51): 63.83997357831791,\n",
       " (4, 0): 12.887781523036873,\n",
       " (4, 1): 43.873734396081936,\n",
       " (4, 2): 23.071866724291535,\n",
       " (4, 3): 8.916230592848793,\n",
       " (4, 4): 0,\n",
       " (4, 5): 7.12874795065065,\n",
       " (4, 6): 9.04101985554791,\n",
       " (4, 7): 22.878331369693473,\n",
       " (4, 8): 33.44835001445943,\n",
       " (4, 9): 34.03814383772649,\n",
       " (4, 10): 27.125059116693308,\n",
       " (4, 11): 24.06839452811781,\n",
       " (4, 12): 24.0689680872313,\n",
       " (4, 13): 26.483247716957642,\n",
       " (4, 14): 18.623818844341162,\n",
       " (4, 15): 35.389597145703746,\n",
       " (4, 16): 42.10747938918221,\n",
       " (4, 17): 49.40098850488145,\n",
       " (4, 18): 43.07548020151313,\n",
       " (4, 19): 31.97849893479147,\n",
       " (4, 20): 43.17080126151923,\n",
       " (4, 21): 40.69041828724165,\n",
       " (4, 22): 47.80977792268391,\n",
       " (4, 23): 28.992280196901945,\n",
       " (4, 24): 32.16788227473807,\n",
       " (4, 25): 37.873102124771556,\n",
       " (4, 26): 24.33208918334576,\n",
       " (4, 27): 19.72375826281551,\n",
       " (4, 28): 19.75019081877247,\n",
       " (4, 29): 20.39772122044316,\n",
       " (4, 30): 25.19666673306183,\n",
       " (4, 31): 54.73548352670843,\n",
       " (4, 32): 40.74658138042751,\n",
       " (4, 33): 57.3959796077855,\n",
       " (4, 34): 32.9796664528736,\n",
       " (4, 35): 45.501124590922004,\n",
       " (4, 36): 67.92968948906645,\n",
       " (4, 37): 93.2197758876919,\n",
       " (4, 38): 78.63640572433226,\n",
       " (4, 39): 71.78987115330878,\n",
       " (4, 40): 62.72996383399596,\n",
       " (4, 41): 41.99221235996947,\n",
       " (4, 42): 35.55044769681263,\n",
       " (4, 43): 43.39623673013182,\n",
       " (4, 44): 50.336948722203914,\n",
       " (4, 45): 52.85651024294098,\n",
       " (4, 46): 60.58580103530819,\n",
       " (4, 47): 68.71003671009652,\n",
       " (4, 48): 83.91990893878577,\n",
       " (4, 49): 74.12941194224129,\n",
       " (4, 50): 82.80168976092763,\n",
       " (4, 51): 55.04798158385887,\n",
       " (5, 0): 14.593929845232529,\n",
       " (5, 1): 37.39385503778203,\n",
       " (5, 2): 30.00331946188392,\n",
       " (5, 3): 15.94170131245217,\n",
       " (5, 4): 7.12874795065065,\n",
       " (5, 5): 0,\n",
       " (5, 6): 10.91319674972853,\n",
       " (5, 7): 16.289226418377233,\n",
       " (5, 8): 27.693760409226524,\n",
       " (5, 9): 29.02870368280468,\n",
       " (5, 10): 24.22564915488124,\n",
       " (5, 11): 23.352789704041204,\n",
       " (5, 12): 27.858444463947897,\n",
       " (5, 13): 31.308056310175807,\n",
       " (5, 14): 24.89731567706322,\n",
       " (5, 15): 41.76482597162426,\n",
       " (5, 16): 48.2032559336473,\n",
       " (5, 17): 55.37355057548399,\n",
       " (5, 18): 48.25170705232769,\n",
       " (5, 19): 35.647270289345315,\n",
       " (5, 20): 47.64129019575661,\n",
       " (5, 21): 42.57138068486028,\n",
       " (5, 22): 49.56950196759159,\n",
       " (5, 23): 28.900871980200986,\n",
       " (5, 24): 29.780151950446747,\n",
       " (5, 25): 32.58551257240116,\n",
       " (5, 26): 18.70463019848334,\n",
       " (5, 27): 18.098234953042912,\n",
       " (5, 28): 20.373232467536752,\n",
       " (5, 29): 14.022314137127678,\n",
       " (5, 30): 29.031189592891398,\n",
       " (5, 31): 47.95421862502804,\n",
       " (5, 32): 34.02241423222874,\n",
       " (5, 33): 50.5473800823263,\n",
       " (5, 34): 25.851792325096813,\n",
       " (5, 35): 38.38179659479999,\n",
       " (5, 36): 60.86734632105881,\n",
       " (5, 37): 86.15221415674304,\n",
       " (5, 38): 71.51192398172171,\n",
       " (5, 39): 64.66614856056253,\n",
       " (5, 40): 55.601419428064034,\n",
       " (5, 41): 34.947442919001,\n",
       " (5, 42): 28.636806570319713,\n",
       " (5, 43): 36.989654894249405,\n",
       " (5, 44): 43.38950376406155,\n",
       " (5, 45): 46.14647902052524,\n",
       " (5, 46): 53.683766881783626,\n",
       " (5, 47): 61.830908416431896,\n",
       " (5, 48): 76.80158385847352,\n",
       " (5, 49): 67.26596036853378,\n",
       " (5, 50): 75.85947360246524,\n",
       " (5, 51): 47.928809940052005,\n",
       " (6, 0): 21.8866274210338,\n",
       " (6, 1): 47.260888620355615,\n",
       " (6, 2): 27.686317353596614,\n",
       " (6, 3): 14.627168354163016,\n",
       " (6, 4): 9.04101985554791,\n",
       " (6, 5): 10.91319674972853,\n",
       " (6, 6): 0,\n",
       " (6, 7): 26.389694604263862,\n",
       " (6, 8): 38.33372797691874,\n",
       " (6, 9): 39.907819856745206,\n",
       " (6, 10): 34.76757695776126,\n",
       " (6, 11): 32.69892402039962,\n",
       " (6, 12): 32.743230836890966,\n",
       " (6, 13): 20.825197155080183,\n",
       " (6, 14): 16.57342464549983,\n",
       " (6, 15): 32.916214768378545,\n",
       " (6, 16): 38.74609396515971,\n",
       " (6, 17): 45.66396336847625,\n",
       " (6, 18): 37.81814216230494,\n",
       " (6, 19): 24.739497972073483,\n",
       " (6, 20): 36.85681502245268,\n",
       " (6, 21): 32.12457972010033,\n",
       " (6, 22): 39.20788898171249,\n",
       " (6, 23): 19.957794961800747,\n",
       " (6, 24): 23.850392309810584,\n",
       " (6, 25): 32.20723848750032,\n",
       " (6, 26): 20.017874312573195,\n",
       " (6, 27): 11.432743503972087,\n",
       " (6, 28): 10.710535882954533,\n",
       " (6, 29): 18.07049048678045,\n",
       " (6, 30): 18.164274231894012,\n",
       " (6, 31): 57.12115872750593,\n",
       " (6, 32): 43.48508212101005,\n",
       " (6, 33): 59.49979733272769,\n",
       " (6, 34): 33.396850492835775,\n",
       " (6, 35): 45.87906208079918,\n",
       " (6, 36): 68.74909923525662,\n",
       " (6, 37): 93.84947049157823,\n",
       " (6, 38): 78.5089810741994,\n",
       " (6, 39): 71.73595396071805,\n",
       " (6, 40): 62.50089371539798,\n",
       " (6, 41): 40.75717331239366,\n",
       " (6, 42): 33.76731437335003,\n",
       " (6, 43): 39.67726423514336,\n",
       " (6, 44): 48.314244556221176,\n",
       " (6, 45): 49.80984987192782,\n",
       " (6, 46): 58.177582560893505,\n",
       " (6, 47): 66.10378622612868,\n",
       " (6, 48): 82.99392262662612,\n",
       " (6, 49): 71.40358057851923,\n",
       " (6, 50): 80.38257055807075,\n",
       " (6, 51): 54.40891995246038,\n",
       " (7, 0): 22.09451914982001,\n",
       " (7, 1): 21.104628625724487,\n",
       " (7, 2): 43.92097672086708,\n",
       " (7, 3): 30.814690057261014,\n",
       " (7, 4): 22.878331369693473,\n",
       " (7, 5): 16.289226418377233,\n",
       " (7, 6): 26.389694604263862,\n",
       " (7, 7): 0,\n",
       " (7, 8): 12.450070457208607,\n",
       " (7, 9): 15.483007441315792,\n",
       " (7, 10): 17.62944521110951,\n",
       " (7, 11): 22.41192466770064,\n",
       " (7, 12): 35.016149312084174,\n",
       " (7, 13): 47.202189014875614,\n",
       " (7, 14): 41.176025907438664,\n",
       " (7, 15): 58.042736051488696,\n",
       " (7, 16): 64.48400868375501,\n",
       " (7, 17): 71.62899465384697,\n",
       " (7, 18): 64.19732354110577,\n",
       " (7, 19): 50.68927629964748,\n",
       " (7, 20): 63.12530295740169,\n",
       " (7, 21): 55.576435951836956,\n",
       " (7, 22): 62.18704992952282,\n",
       " (7, 23): 40.19521667631965,\n",
       " (7, 24): 37.15293784556389,\n",
       " (7, 25): 31.884196700533817,\n",
       " (7, 26): 20.407144129202408,\n",
       " (7, 27): 28.930019185133105,\n",
       " (7, 28): 33.52764672690659,\n",
       " (7, 29): 15.127474378512797,\n",
       " (7, 30): 44.37199844309591,\n",
       " (7, 31): 31.88024044628297,\n",
       " (7, 32): 17.877554624166137,\n",
       " (7, 33): 34.59436861817499,\n",
       " (7, 34): 13.245387784584246,\n",
       " (7, 35): 24.346952287231964,\n",
       " (7, 36): 45.71897232182256,\n",
       " (7, 37): 70.94940270263228,\n",
       " (7, 38): 57.12621582495168,\n",
       " (7, 39): 50.30732242110405,\n",
       " (7, 40): 41.6389275751999,\n",
       " (7, 41): 23.899180101493396,\n",
       " (7, 42): 19.960123637204614,\n",
       " (7, 43): 30.742573162586172,\n",
       " (7, 44): 32.828261855637685,\n",
       " (7, 45): 37.2674372786593,\n",
       " (7, 46): 43.038597285340586,\n",
       " (7, 47): 51.1087093095662,\n",
       " (7, 48): 63.231788520478396,\n",
       " (7, 49): 56.52626833703726,\n",
       " (7, 50): 64.36046293871955,\n",
       " (7, 51): 34.78944917213934,\n",
       " (8, 0): 28.416513827479655,\n",
       " (8, 1): 12.301878808087931,\n",
       " (8, 2): 51.836716958929394,\n",
       " (8, 3): 40.20516957094294,\n",
       " (8, 4): 33.44835001445943,\n",
       " (8, 5): 27.693760409226524,\n",
       " (8, 6): 38.33372797691874,\n",
       " (8, 7): 12.450070457208607,\n",
       " (8, 8): 0,\n",
       " (8, 9): 5.044743672901875,\n",
       " (8, 10): 15.192708083872486,\n",
       " (8, 11): 22.942910553016922,\n",
       " (8, 12): 38.67309321492798,\n",
       " (8, 13): 58.99220961553192,\n",
       " (8, 14): 52.07102190069086,\n",
       " (8, 15): 68.80874975540333,\n",
       " (8, 16): 75.55129907702795,\n",
       " (8, 17): 82.82402886984048,\n",
       " (8, 18): 75.94542807580463,\n",
       " (8, 19): 62.89925574257662,\n",
       " (8, 20): 75.18841469438422,\n",
       " (8, 21): 68.0263369336078,\n",
       " (8, 22): 74.62366857373094,\n",
       " (8, 23): 52.598038856238475,\n",
       " (8, 24): 49.04389622891179,\n",
       " (8, 25): 41.45324664347288,\n",
       " (8, 26): 31.889301247014778,\n",
       " (8, 27): 41.36456948134007,\n",
       " (8, 28): 45.95065121670998,\n",
       " (8, 29): 27.095148194487038,\n",
       " (8, 30): 56.46474404513931,\n",
       " (8, 31): 24.257156416520726,\n",
       " (8, 32): 11.957158683595875,\n",
       " (8, 33): 27.334578409696757,\n",
       " (8, 34): 18.093860030846187,\n",
       " (8, 35): 23.34315519892391,\n",
       " (8, 36): 40.17965923203617,\n",
       " (8, 37): 64.5369810027828,\n",
       " (8, 38): 52.63208873081555,\n",
       " (8, 39): 46.13476555126695,\n",
       " (8, 40): 38.66042140288399,\n",
       " (8, 41): 27.267951255577994,\n",
       " (8, 42): 26.49317996360602,\n",
       " (8, 43): 37.27845046332312,\n",
       " (8, 44): 35.31041269249103,\n",
       " (8, 45): 40.95056579123953,\n",
       " (8, 46): 44.438755138833585,\n",
       " (8, 47): 51.899284780203516,\n",
       " (8, 48): 59.85815013594503,\n",
       " (8, 49): 57.02483688615716,\n",
       " (8, 50): 63.68160327446497,\n",
       " (8, 51): 33.744813972759395,\n",
       " (9, 0): 27.130412100144124,\n",
       " (9, 1): 15.738648164174862,\n",
       " (9, 2): 50.60721796097959,\n",
       " (9, 3): 39.935559144570355,\n",
       " (9, 4): 34.03814383772649,\n",
       " (9, 5): 29.02870368280468,\n",
       " (9, 6): 39.907819856745206,\n",
       " (9, 7): 15.483007441315792,\n",
       " (9, 8): 5.044743672901875,\n",
       " (9, 9): 0,\n",
       " (9, 10): 11.753534985737476,\n",
       " (9, 11): 19.805523663204152,\n",
       " (9, 12): 35.96406370361865,\n",
       " (9, 13): 60.19826349425814,\n",
       " (9, 14): 52.552688752449775,\n",
       " (9, 15): 69.05671384736713,\n",
       " (9, 16): 75.9948932026156,\n",
       " (9, 17): 83.34190161064184,\n",
       " (9, 18): 77.01968487191566,\n",
       " (9, 19): 64.64065239705748,\n",
       " (9, 20): 76.65380995035646,\n",
       " (9, 21): 70.56718793362626,\n",
       " (9, 22): 77.31259177777142,\n",
       " (9, 23): 55.473184218298286,\n",
       " (9, 24): 52.619013715283245,\n",
       " (9, 25): 45.97038663000984,\n",
       " (9, 26): 35.69526023746288,\n",
       " (9, 27): 44.142787090192755,\n",
       " (9, 28): 48.29397122261035,\n",
       " (9, 29): 30.582811959486193,\n",
       " (9, 30): 58.05701976735327,\n",
       " (9, 31): 27.462247561146008,\n",
       " (9, 32): 16.443074570431353,\n",
       " (9, 33): 30.586160049329848,\n",
       " (9, 34): 23.00750519366211,\n",
       " (9, 35): 28.19453799083782,\n",
       " (9, 36): 43.78437663740041,\n",
       " (9, 37): 67.58966365903046,\n",
       " (9, 38): 56.420302513449684,\n",
       " (9, 39): 50.07331344570362,\n",
       " (9, 40): 42.97187113038387,\n",
       " (9, 41): 32.31240143228777,\n",
       " (9, 42): 31.375896835152933,\n",
       " (9, 43): 42.224652718661574,\n",
       " (9, 44): 40.32658796828568,\n",
       " (9, 45): 45.99137725719307,\n",
       " (9, 46): 49.35573435372089,\n",
       " (9, 47): 56.72811684205878,\n",
       " (9, 48): 63.89828687949633,\n",
       " (9, 49): 61.80091461069848,\n",
       " (9, 50): 68.26261594371802,\n",
       " (9, 51): 38.45531933003761,\n",
       " (10, 0): 17.191403797175443,\n",
       " (10, 1): 27.244279798582077,\n",
       " (10, 2): 40.07048710491908,\n",
       " (10, 3): 31.060250727550226,\n",
       " (10, 4): 27.125059116693308,\n",
       " (10, 5): 24.22564915488124,\n",
       " (10, 6): 34.76757695776126,\n",
       " (10, 7): 17.62944521110951,\n",
       " (10, 8): 15.192708083872486,\n",
       " (10, 9): 11.753534985737476,\n",
       " (10, 10): 0,\n",
       " (10, 11): 8.06309177660513,\n",
       " (10, 12): 24.287396476587432,\n",
       " (10, 13): 53.53343487586958,\n",
       " (10, 14): 44.64148302459498,\n",
       " (10, 15): 60.442831660074006,\n",
       " (10, 16): 67.63790692603816,\n",
       " (10, 17): 75.04389684842488,\n",
       " (10, 18): 69.81732659437094,\n",
       " (10, 19): 59.037153471778566,\n",
       " (10, 20): 70.25215897452232,\n",
       " (10, 21): 66.7684076035572,\n",
       " (10, 22): 73.7868677347,\n",
       " (10, 23): 52.919811430960486,\n",
       " (10, 24): 52.21969887389212,\n",
       " (10, 25): 49.29841159562646,\n",
       " (10, 26): 36.841568210946974,\n",
       " (10, 27): 41.76383916909378,\n",
       " (10, 28): 44.5957435697617,\n",
       " (10, 29): 31.157298973981106,\n",
       " (10, 30): 52.26887437554982,\n",
       " (10, 31): 39.11190495458092,\n",
       " (10, 32): 27.09598084678136,\n",
       " (10, 33): 42.22754766384427,\n",
       " (10, 34): 29.637414125953566,\n",
       " (10, 35): 37.856125918745846,\n",
       " (10, 36): 55.2838106156786,\n",
       " (10, 37): 79.31331285851951,\n",
       " (10, 38): 67.80256107783002,\n",
       " (10, 39): 61.325738451815205,\n",
       " (10, 40): 53.78463169465915,\n",
       " (10, 41): 40.08230349156586,\n",
       " (10, 42): 37.26999195842834,\n",
       " (10, 43): 48.196806717493864,\n",
       " (10, 44): 48.751834231172964,\n",
       " (10, 45): 53.84195502295992,\n",
       " (10, 46): 58.477750121823554,\n",
       " (10, 47): 66.23218151197523,\n",
       " (10, 48): 75.04733091299924,\n",
       " (10, 49): 71.48970483401092,\n",
       " (10, 50): 78.51431820214977,\n",
       " (10, 51): 48.470245618879915,\n",
       " (11, 0): 11.87792359362484,\n",
       " (11, 1): 35.15187595036443,\n",
       " (11, 2): 33.00612590899451,\n",
       " (11, 3): 25.842580593564442,\n",
       " (11, 4): 24.06839452811781,\n",
       " (11, 5): 23.352789704041204,\n",
       " (11, 6): 32.69892402039962,\n",
       " (11, 7): 22.41192466770064,\n",
       " (11, 8): 22.942910553016922,\n",
       " (11, 9): 19.805523663204152,\n",
       " (11, 10): 8.06309177660513,\n",
       " (11, 11): 0,\n",
       " (11, 12): 16.254867407417944,\n",
       " (11, 13): 49.55237270393294,\n",
       " (11, 14): 39.83691779659492,\n",
       " (11, 15): 54.7837015432052,\n",
       " (11, 16): 62.10992716219671,\n",
       " (11, 17): 69.4996640926909,\n",
       " (11, 18): 65.16660934196342,\n",
       " (11, 19): 55.778140491352566,\n",
       " (11, 20): 66.21056564749917,\n",
       " (11, 21): 64.72569640367905,\n",
       " (11, 22): 71.83692258844093,\n",
       " (11, 23): 52.08542848697808,\n",
       " (11, 24): 52.921067596975405,\n",
       " (11, 25): 52.50820864968878,\n",
       " (11, 26): 39.1747374700234,\n",
       " (11, 27): 41.45057404067512,\n",
       " (11, 28): 43.18799322788831,\n",
       " (11, 29): 33.48696557670464,\n",
       " (11, 30): 49.01139402138667,\n",
       " (11, 31): 47.067463170878995,\n",
       " (11, 32): 34.66233061384862,\n",
       " (11, 33): 50.174135721827916,\n",
       " (11, 34): 35.40563566948776,\n",
       " (11, 35): 44.82291873987491,\n",
       " (11, 36): 63.122151095433374,\n",
       " (11, 37): 87.3107855124086,\n",
       " (11, 38): 75.54832037570421,\n",
       " (11, 39): 68.99832118640077,\n",
       " (11, 40): 61.21865646081899,\n",
       " (11, 41): 46.06205051237839,\n",
       " (11, 42): 42.34865840531384,\n",
       " (11, 43): 53.006534140842,\n",
       " (11, 44): 54.9196167065519,\n",
       " (11, 45): 59.618987525104906,\n",
       " (11, 46): 64.92560538237183,\n",
       " (11, 47): 72.84611868612629,\n",
       " (11, 48): 82.63078261014849,\n",
       " (11, 49): 78.1853621290377,\n",
       " (11, 50): 85.52560614835987,\n",
       " (11, 51): 55.497764929233426,\n",
       " (12, 0): 13.773417932751839,\n",
       " (12, 1): 50.97395801450634,\n",
       " (12, 2): 19.71348325382807,\n",
       " (12, 3): 19.824759735137736,\n",
       " (12, 4): 24.0689680872313,\n",
       " (12, 5): 27.858444463947897,\n",
       " (12, 6): 32.743230836890966,\n",
       " (12, 7): 35.016149312084174,\n",
       " (12, 8): 38.67309321492798,\n",
       " (12, 9): 35.96406370361865,\n",
       " (12, 10): 24.287396476587432,\n",
       " (12, 11): 16.254867407417944,\n",
       " (12, 12): 0,\n",
       " (12, 13): 43.27693834331093,\n",
       " (12, 14): 32.42240292707403,\n",
       " (12, 15): 44.12688013134215,\n",
       " (12, 16): 51.49301459904218,\n",
       " (12, 17): 58.62812875047232,\n",
       " (12, 18): 56.503272650094736,\n",
       " (12, 19): 50.7408818292998,\n",
       " (12, 20): 58.89922578882906,\n",
       " (12, 21): 61.85558786329788,\n",
       " (12, 22): 68.86262763565924,\n",
       " (12, 23): 52.45807265005434,\n",
       " (12, 24): 56.23631240934945,\n",
       " (12, 25): 60.38049636384829,\n",
       " (12, 26): 46.47243745668184,\n",
       " (12, 27): 43.788314033652746,\n",
       " (12, 28): 43.16582331725937,\n",
       " (12, 29): 41.37254723266556,\n",
       " (12, 30): 44.449148160741316,\n",
       " (12, 31): 62.92910869457307,\n",
       " (12, 32): 49.96142097758663,\n",
       " (12, 33): 66.00703954789167,\n",
       " (12, 34): 48.18957867082487,\n",
       " (12, 35): 59.04809143645788,\n",
       " (12, 36): 78.68612495128158,\n",
       " (12, 37): 103.20990250332073,\n",
       " (12, 38): 90.8798299492601,\n",
       " (12, 39): 84.20559544276655,\n",
       " (12, 40): 76.02136943746628,\n",
       " (12, 41): 58.731661684146694,\n",
       " (12, 42): 53.778989660609625,\n",
       " (12, 43): 63.56129847189784,\n",
       " (12, 44): 67.65652602011146,\n",
       " (12, 45): 71.59912056319409,\n",
       " (12, 46): 77.95565874196355,\n",
       " (12, 47): 86.06822608741905,\n",
       " (12, 48): 97.60553982072665,\n",
       " (12, 49): 91.50124593079055,\n",
       " (12, 50): 99.37213807136614,\n",
       " (12, 51): 69.65134017233511,\n",
       " (13, 0): 37.686274003712825,\n",
       " (13, 1): 68.07336906736498,\n",
       " (13, 2): 27.959847727413262,\n",
       " (13, 3): 24.255809288393294,\n",
       " (13, 4): 26.483247716957642,\n",
       " (13, 5): 31.308056310175807,\n",
       " (13, 6): 20.825197155080183,\n",
       " (13, 7): 47.202189014875614,\n",
       " (13, 8): 58.99220961553192,\n",
       " (13, 9): 60.19826349425814,\n",
       " (13, 10): 53.53343487586958,\n",
       " (13, 11): 49.55237270393294,\n",
       " (13, 12): 43.27693834331093,\n",
       " (13, 13): 0,\n",
       " (13, 14): 10.92187805043775,\n",
       " (13, 15): 15.448502654304926,\n",
       " (13, 16): 19.185307879088437,\n",
       " (13, 17): 25.44163590673991,\n",
       " (13, 18): 16.995234226465087,\n",
       " (13, 19): 8.015630204327639,\n",
       " (13, 20): 16.725456153333333,\n",
       " (13, 21): 20.75206285734134,\n",
       " (13, 22): 27.019667364384787,\n",
       " (13, 23): 21.33322519293854,\n",
       " (13, 24): 30.95168247001891,\n",
       " (13, 25): 45.75020762196619,\n",
       " (13, 26): 37.426584309736434,\n",
       " (13, 27): 24.0601021834308,\n",
       " (13, 28): 17.861806215179207,\n",
       " (13, 29): 37.492477354254035,\n",
       " (13, 30): 5.208279582202403,\n",
       " (13, 31): 77.7204274899979,\n",
       " (13, 32): 64.22844390581646,\n",
       " (13, 33): 79.99517739019983,\n",
       " (13, 34): 53.50767876503628,\n",
       " (13, 35): 65.69710671393176,\n",
       " (13, 36): 88.54413504221257,\n",
       " (13, 37): 113.33090801633932,\n",
       " (13, 38): 97.51080584537712,\n",
       " (13, 39): 90.87278949652145,\n",
       " (13, 40): 81.61866482489158,\n",
       " (13, 41): 59.55818766595361,\n",
       " (13, 42): 52.40653071153951,\n",
       " (13, 43): 55.79118589162708,\n",
       " (13, 44): 66.08991790992688,\n",
       " (13, 45): 66.299383505849,\n",
       " (13, 46): 75.18651930781208,\n",
       " (13, 47): 82.6392350551115,\n",
       " (13, 48): 101.19910029834844,\n",
       " (13, 49): 87.64681321123999,\n",
       " (13, 50): 96.86109048152763,\n",
       " (13, 51): 73.3342831958185,\n",
       " (14, 0): 28.004591173113408,\n",
       " (14, 1): 62.27519429405264,\n",
       " (14, 2): 17.641599125083417,\n",
       " (14, 3): 14.02911115048935,\n",
       " (14, 4): 18.623818844341162,\n",
       " (14, 5): 24.89731567706322,\n",
       " (14, 6): 16.57342464549983,\n",
       " (14, 7): 41.176025907438664,\n",
       " (14, 8): 52.07102190069086,\n",
       " (14, 9): 52.552688752449775,\n",
       " (14, 10): 44.64148302459498,\n",
       " (14, 11): 39.83691779659492,\n",
       " (14, 12): 32.42240292707403,\n",
       " (14, 13): 10.92187805043775,\n",
       " (14, 14): 0,\n",
       " (14, 15): 16.867669009293977,\n",
       " (14, 16): 23.484783030417546,\n",
       " (14, 17): 30.797109006937234,\n",
       " (14, 18): 25.331413827736206,\n",
       " (14, 19): 18.71657170372657,\n",
       " (14, 20): 26.74241796263529,\n",
       " (14, 21): 30.91105221460696,\n",
       " (14, 22): 37.54464749635595,\n",
       " (14, 23): 26.91451633116847,\n",
       " (14, 24): 34.99972607610896,\n",
       " (14, 25): 47.1966908317686,\n",
       " (14, 26): 36.24736434064915,\n",
       " (14, 27): 24.752459873981884,\n",
       " (14, 28): 19.808011625845552,\n",
       " (14, 29): 34.643630250885224,\n",
       " (14, 30): 13.273799491333996,\n",
       " (14, 31): 72.79064970283164,\n",
       " (14, 32): 58.90166319381937,\n",
       " (14, 33): 75.32130590793064,\n",
       " (14, 34): 49.71658127607212,\n",
       " (14, 35): 62.27138612175334,\n",
       " (14, 36): 85.08582850099624,\n",
       " (14, 37): 110.26503846674021,\n",
       " (14, 38): 95.04348567936137,\n",
       " (14, 39): 88.25604906586561,\n",
       " (14, 40): 79.0335504803822,\n",
       " (14, 41): 57.330495058612755,\n",
       " (14, 42): 50.33326382827102,\n",
       " (14, 43): 55.75941372388876,\n",
       " (14, 44): 64.82183688866337,\n",
       " (14, 45): 66.06209786118605,\n",
       " (14, 46): 74.57883496496969,\n",
       " (14, 47): 82.42418311678415,\n",
       " (14, 48): 99.56544359490596,\n",
       " (14, 49): 87.66823769637713,\n",
       " (14, 50): 96.72094434118267,\n",
       " (14, 51): 70.97008880324988,\n",
       " (15, 0): 43.34182113380751,\n",
       " (15, 1): 79.13961045185397,\n",
       " (15, 2): 24.900211112500262,\n",
       " (15, 3): 29.39437133350339,\n",
       " (15, 4): 35.389597145703746,\n",
       " (15, 5): 41.76482597162426,\n",
       " (15, 6): 32.916214768378545,\n",
       " (15, 7): 58.042736051488696,\n",
       " (15, 8): 68.80874975540333,\n",
       " (15, 9): 69.05671384736713,\n",
       " (15, 10): 60.442831660074006,\n",
       " (15, 11): 54.7837015432052,\n",
       " (15, 12): 44.12688013134215,\n",
       " (15, 13): 15.448502654304926,\n",
       " (15, 14): 16.867669009293977,\n",
       " (15, 15): 0,\n",
       " (15, 16): 7.39857014145286,\n",
       " (15, 17): 14.728844428522855,\n",
       " (15, 18): 14.177040979936063,\n",
       " (15, 19): 20.68472762638679,\n",
       " (15, 20): 19.04864391711833,\n",
       " (15, 21): 32.76715299262774,\n",
       " (15, 22): 37.382534385550834,\n",
       " (15, 23): 36.729119101371005,\n",
       " (15, 24): 46.4001811789909,\n",
       " (15, 25): 60.95836456757121,\n",
       " (15, 26): 51.65405716610542,\n",
       " (15, 27): 38.82195276938046,\n",
       " (15, 28): 32.83980266651182,\n",
       " (15, 29): 50.81652071606574,\n",
       " (15, 30): 20.65274953504427,\n",
       " (15, 31): 89.63168592534994,\n",
       " (15, 32): 75.76149756142307,\n",
       " (15, 33): 92.136656372821,\n",
       " (15, 34): 66.30281310412883,\n",
       " (15, 35): 78.79488116074795,\n",
